mae: 18.576620253164556
mse: 1100.4700611940928
medae: 9.985
msle: 0.2768378164634687
rmsle: 0.526153795447176
evs: 0.6931340966597643
r2: 0.684430263498909
